life9;realty4;payee23;direct21;own_risk16;acceptance18;payment13;periodical22;corporation;insured_object2;conditions17;exception19;service14;premium20;unemployment10;illness;damage;loss;coverage7;person;person224;payee_corporation;ammount15;movable_property;insurance_product1;
0111011001111110001010001
0111111001111110001010001
0110011101111110001010001
0110111101111110001010001
0111011001111101001010001
0111111001111101001010001
0110011101111101001010001
0110111101111101001010001
0111011001111111001010001
0111111001111111001010001
0110011101111111001010001
0110111101111111001010001
0111011001111100101010001
0111111001111100101010001
0110011101111100101010001
0110111101111100101010001
0111011001111110101010001
0111111001111110101010001
0110011101111110101010001
0110111101111110101010001
0111011001111101101010001
0111111001111101101010001
0110011101111101101010001
0110111101111101101010001
0111011001111111101010001
0111111001111111101010001
0110011101111111101010001
0110111101111111101010001
0011011001111110001110001
0011111001111110001110001
0010011101111110001110001
0010111101111110001110001
0011011001111101001110001
0011111001111101001110001
0010011101111101001110001
0010111101111101001110001
0011011001111111001110001
0011111001111111001110001
0010011101111111001110001
0010111101111111001110001
0011011011111110001001001
0111011001111110001001001
0111111001111110001001001
0110011101111110001001001
0110111101111110001001001
0011111011111110001001001
0010011111111110001001001
0010111111111110001001001
0111011001111101001001001
0111111001111101001001001
0110011101111101001001001
0110111101111101001001001
0111011001111111001001001
0111111001111111001001001
0110011101111111001001001
0110111101111111001001001
0111011001111100101001001
0111111001111100101001001
0110011101111100101001001
0110111101111100101001001
0011011011111100101001001
0011111011111100101001001
0010011111111100101001001
0010111111111100101001001
0111011001111110101001001
0111111001111110101001001
0110011101111110101001001
0110111101111110101001001
0011011011111110101001001
0011111011111110101001001
0010011111111110101001001
0010111111111110101001001
0111011001111101101001001
0111111001111101101001001
0110011101111101101001001
0110111101111101101001001
0111011001111111101001001
0111111001111111101001001
0110011101111111101001001
0110111101111111101001001
0011011001111110001101001
0011111001111110001101001
0010011101111110001101001
0010111101111110001101001
0011011001111101001101001
0011111001111101001101001
0010011101111101001101001
0010111101111101001101001
0011011001111111001101001
0011111001111111001101001
0010011101111111001101001
0010111101111111001101001
0011011011111110001011001
0111011001111110001011001
0111111001111110001011001
0110011101111110001011001
0110111101111110001011001
0011111011111110001011001
0010011111111110001011001
0010111111111110001011001
0111011001111101001011001
0111111001111101001011001
0110011101111101001011001
0110111101111101001011001
0111011001111111001011001
0111111001111111001011001
0110011101111111001011001
0110111101111111001011001
0111011001111100101011001
0111111001111100101011001
0110011101111100101011001
0110111101111100101011001
0011011011111100101011001
0011111011111100101011001
0010011111111100101011001
0010111111111100101011001
0111011001111110101011001
0111111001111110101011001
0110011101111110101011001
0110111101111110101011001
0011011011111110101011001
0011111011111110101011001
0010011111111110101011001
0010111111111110101011001
0111011001111101101011001
0111111001111101101011001
0110011101111101101011001
0110111101111101101011001
0111011001111111101011001
0111111001111111101011001
0110011101111111101011001
0110111101111111101011001
0011011001111110001111001
0011111001111110001111001
0010011101111110001111001
0010111101111110001111001
0011011001111101001111001
0011111001111101001111001
0010011101111101001111001
0010111101111101001111001
0011011001111111001111001
0011111001111111001111001
0010011101111111001111001
0010111101111111001111001
0011011011110110001001101
0111011001110110001010101
0111111001110110001010101
0110011101110110001010101
0110111101110110001010101
0111011001110101001010101
0111111001110101001010101
0110011101110101001010101
0110111101110101001010101
0111011001110111001010101
0111111001110111001010101
0110011101110111001010101
0110111101110111001010101
0111011001110100101010101
0111111001110100101010101
0110011101110100101010101
0110111101110100101010101
0111011001110110101010101
0111111001110110101010101
0110011101110110101010101
0110111101110110101010101
0111011001110101101010101
0111111001110101101010101
0110011101110101101010101
0110111101110101101010101
0111011001110111101010101
0111111001110111101010101
0110011101110111101010101
0110111101110111101010101
0011011001110110001110101
0011111001110110001110101
0010011101110110001110101
0010111101110110001110101
0011011001110101001110101
0011111001110101001110101
0010011101110101001110101
0010111101110101001110101
0011011001110111001110101
0011111001110111001110101
0010011101110111001110101
0010111101110111001110101
0011111011110110001001101
0111011001110110001001101
0111111001110110001001101
0110011101110110001001101
0110111101110110001001101
0010011111110110001001101
0010111111110110001001101
0111011001110101001001101
0111111001110101001001101
0110011101110101001001101
0110111101110101001001101
0111011001110111001001101
0111111001110111001001101
0110011101110111001001101
0110111101110111001001101
0111011001110100101001101
0111111001110100101001101
0110011101110100101001101
0110111101110100101001101
0011011011110100101001101
0011111011110100101001101
0010011111110100101001101
0010111111110100101001101
0111011001110110101001101
0111111001110110101001101
0110011101110110101001101
0110111101110110101001101
0011011011110110101001101
0011111011110110101001101
0010011111110110101001101
0010111111110110101001101
0111011001110101101001101
0111111001110101101001101
0110011101110101101001101
0110111101110101101001101
0111011001110111101001101
0111111001110111101001101
0110011101110111101001101
0110111101110111101001101
0011011001110110001101101
0011111001110110001101101
0010011101110110001101101
0010111101110110001101101
0011011001110101001101101
0011111001110101001101101
0010011101110101001101101
0010111101110101001101101
0011011001110111001101101
0011111001110111001101101
0010011101110111001101101
0010111101110111001101101
0011011011110110001011101
0111011001110110001011101
0111111001110110001011101
0110011101110110001011101
0110111101110110001011101
0011111011110110001011101
0010011111110110001011101
0010111111110110001011101
0111011001110101001011101
0111111001110101001011101
0110011101110101001011101
0110111101110101001011101
0111011001110111001011101
0111111001110111001011101
0110011101110111001011101
0110111101110111001011101
0111011001110100101011101
0111111001110100101011101
0110011101110100101011101
0110111101110100101011101
0011011011110100101011101
0011111011110100101011101
0010011111110100101011101
0010111111110100101011101
0111011001110110101011101
0111111001110110101011101
0110011101110110101011101
0110111101110110101011101
0011011011110110101011101
0011111011110110101011101
0010011111110110101011101
0010111111110110101011101
0111011001110101101011101
0111111001110101101011101
0110011101110101101011101
0110111101110101101011101
0111011001110111101011101
0111111001110111101011101
0110011101110111101011101
0110111101110111101011101
0011011001110110001111101
0011111001110110001111101
0010011101110110001111101
0010111101110110001111101
0011011001110101001111101
0011111001110101001111101
0010011101110101001111101
0010111101110101001111101
0011011001110111001111101
0011111001110111001111101
0010011101110111001111101
0010111101110111001111101
0011011001111110001010011
0011111001111110001010011
0010011101111110001010011
0010111101111110001010011
0011011001111101001010011
0011111001111101001010011
0010011101111101001010011
0010111101111101001010011
0011011001111111001010011
0011111001111111001010011
0010011101111111001010011
0010111101111111001010011
0011011001111100101010011
0011111001111100101010011
0010011101111100101010011
0010111101111100101010011
0011011001111110101010011
0011111001111110101010011
0010011101111110101010011
0010111101111110101010011
0011011001111101101010011
0011111001111101101010011
0010011101111101101010011
0010111101111101101010011
0011011001111111101010011
0011111001111111101010011
0010011101111111101010011
0010111101111111101010011
0011011001111100011010011
0011111001111100011010011
0010011101111100011010011
0010111101111100011010011
0011011001111110011010011
0011111001111110011010011
0010011101111110011010011
0010111101111110011010011
0011011001111101011010011
0011111001111101011010011
0010011101111101011010011
0010111101111101011010011
0011011001111111011010011
0011111001111111011010011
0010011101111111011010011
0010111101111111011010011
0011011001111100111010011
0011111001111100111010011
0010011101111100111010011
0010111101111100111010011
0011011001111110111010011
0011111001111110111010011
0010011101111110111010011
0010111101111110111010011
0011011001111101111010011
0011111001111101111010011
0010011101111101111010011
0010111101111101111010011
0011011001111111111010011
0011111001111111111010011
0010011101111111111010011
0010111101111111111010011
0011011001111110001001011
0011111001111110001001011
0010011101111110001001011
0010111101111110001001011
0011011001111101001001011
0011111001111101001001011
0010011101111101001001011
0010111101111101001001011
0011011001111111001001011
0011111001111111001001011
0010011101111111001001011
0010111101111111001001011
0011011001111100101001011
0011111001111100101001011
0010011101111100101001011
0010111101111100101001011
0011011001111110101001011
0011111001111110101001011
0010011101111110101001011
0010111101111110101001011
0011011001111101101001011
0011111001111101101001011
0010011101111101101001011
0010111101111101101001011
0011011001111111101001011
0011111001111111101001011
0010011101111111101001011
0010111101111111101001011
0011011001111100011001011
0011111001111100011001011
0010011101111100011001011
0010111101111100011001011
0011011001111110011001011
0011111001111110011001011
0010011101111110011001011
0010111101111110011001011
0011011001111101011001011
0011111001111101011001011
0010011101111101011001011
0010111101111101011001011
0011011001111111011001011
0011111001111111011001011
0010011101111111011001011
0010111101111111011001011
0011011001111100111001011
0011111001111100111001011
0010011101111100111001011
0010111101111100111001011
0011011001111110111001011
0011111001111110111001011
0010011101111110111001011
0010111101111110111001011
0011011001111101111001011
0011111001111101111001011
0010011101111101111001011
0010111101111101111001011
0011011001111111111001011
0011111001111111111001011
0010011101111111111001011
0010111101111111111001011
0011011001111110001011011
0011111001111110001011011
0010011101111110001011011
0010111101111110001011011
0011011001111101001011011
0011111001111101001011011
0010011101111101001011011
0010111101111101001011011
0011011001111111001011011
0011111001111111001011011
0010011101111111001011011
0010111101111111001011011
0011011001111100101011011
0011111001111100101011011
0010011101111100101011011
0010111101111100101011011
0011011001111110101011011
0011111001111110101011011
0010011101111110101011011
0010111101111110101011011
0011011001111101101011011
0011111001111101101011011
0010011101111101101011011
0010111101111101101011011
0011011001111111101011011
0011111001111111101011011
0010011101111111101011011
0010111101111111101011011
0011011001111100011011011
0011111001111100011011011
0010011101111100011011011
0010111101111100011011011
0011011001111110011011011
0011111001111110011011011
0010011101111110011011011
0010111101111110011011011
0011011001111101011011011
0011111001111101011011011
0010011101111101011011011
0010111101111101011011011
0011011001111111011011011
0011111001111111011011011
0010011101111111011011011
0010111101111111011011011
0011011001111100111011011
0011111001111100111011011
0010011101111100111011011
0010111101111100111011011
0011011001111110111011011
0011111001111110111011011
0010011101111110111011011
0010111101111110111011011
0011011001111101111011011
0011111001111101111011011
0010011101111101111011011
0010111101111101111011011
0011011001111111111011011
0011111001111111111011011
0010011101111111111011011
0010111101111111111011011
0011011001110110001010111
0011111001110110001010111
0010011101110110001010111
0010111101110110001010111
0011011001110101001010111
0011111001110101001010111
0010011101110101001010111
0010111101110101001010111
0011011001110111001010111
0011111001110111001010111
0010011101110111001010111
0010111101110111001010111
0011011001110100101010111
0011111001110100101010111
0010011101110100101010111
0010111101110100101010111
0011011001110110101010111
0011111001110110101010111
0010011101110110101010111
0010111101110110101010111
0011011001110101101010111
0011111001110101101010111
0010011101110101101010111
0010111101110101101010111
0011011001110111101010111
0011111001110111101010111
0010011101110111101010111
0010111101110111101010111
0011011001110100011010111
0011111001110100011010111
0010011101110100011010111
0010111101110100011010111
0011011001110110011010111
0011111001110110011010111
0010011101110110011010111
0010111101110110011010111
0011011001110101011010111
0011111001110101011010111
0010011101110101011010111
0010111101110101011010111
0011011001110111011010111
0011111001110111011010111
0010011101110111011010111
0010111101110111011010111
0011011001110100111010111
0011111001110100111010111
0010011101110100111010111
0010111101110100111010111
0011011001110110111010111
0011111001110110111010111
0010011101110110111010111
0010111101110110111010111
0011011001110101111010111
0011111001110101111010111
0010011101110101111010111
0010111101110101111010111
0011011001110111111010111
0011111001110111111010111
0010011101110111111010111
0010111101110111111010111
0011011001110110001001111
0011111001110110001001111
0010011101110110001001111
0010111101110110001001111
0011011001110101001001111
0011111001110101001001111
0010011101110101001001111
0010111101110101001001111
0011011001110111001001111
0011111001110111001001111
0010011101110111001001111
0010111101110111001001111
0011011001110100101001111
0011111001110100101001111
0010011101110100101001111
0010111101110100101001111
0011011001110110101001111
0011111001110110101001111
0010011101110110101001111
0010111101110110101001111
0011011001110101101001111
0011111001110101101001111
0010011101110101101001111
0010111101110101101001111
0011011001110111101001111
0011111001110111101001111
0010011101110111101001111
0010111101110111101001111
0011011001110100011001111
0011111001110100011001111
0010011101110100011001111
0010111101110100011001111
0011011001110110011001111
0011111001110110011001111
0010011101110110011001111
0010111101110110011001111
0011011001110101011001111
0011111001110101011001111
0010011101110101011001111
0010111101110101011001111
0011011001110111011001111
0011111001110111011001111
0010011101110111011001111
0010111101110111011001111
0011011001110100111001111
0011111001110100111001111
0010011101110100111001111
0010111101110100111001111
0011011001110110111001111
0011111001110110111001111
0010011101110110111001111
0010111101110110111001111
0011011001110101111001111
0011111001110101111001111
0010011101110101111001111
0010111101110101111001111
0011011001110111111001111
0011111001110111111001111
0010011101110111111001111
0010111101110111111001111
0011011001110110001011111
0011111001110110001011111
0010011101110110001011111
0010111101110110001011111
0011011001110101001011111
0011111001110101001011111
0010011101110101001011111
0010111101110101001011111
0011011001110111001011111
0011111001110111001011111
0010011101110111001011111
0010111101110111001011111
0011011001110100101011111
0011111001110100101011111
0010011101110100101011111
0010111101110100101011111
0011011001110110101011111
0011111001110110101011111
0010011101110110101011111
0010111101110110101011111
0011011001110101101011111
0011111001110101101011111
0010011101110101101011111
0010111101110101101011111
0011011001110111101011111
0011111001110111101011111
0010011101110111101011111
0010111101110111101011111
0011011001110100011011111
0011111001110100011011111
0010011101110100011011111
0010111101110100011011111
0011011001110110011011111
0011111001110110011011111
0010011101110110011011111
0010111101110110011011111
0011011001110101011011111
0011111001110101011011111
0010011101110101011011111
0010111101110101011011111
0011011001110111011011111
0011111001110111011011111
0010011101110111011011111
0010111101110111011011111
0011011001110100111011111
0011111001110100111011111
0010011101110100111011111
0010111101110100111011111
0011011001110110111011111
0011111001110110111011111
0010011101110110111011111
0010111101110110111011111
0011011001110101111011111
0011111001110101111011111
0010011101110101111011111
0010111101110101111011111
0011011001110111111011111
0011111001110111111011111
0010011101110111111011111
0010111101110111111011111
1011011001111100001101001
1111011001111100001010001
1111111001111100001010001
1110011101111100001010001
1110111101111100001010001
1111011001111110001010001
1111111001111110001010001
1110011101111110001010001
1110111101111110001010001
1111011001111101001010001
1111111001111101001010001
1110011101111101001010001
1110111101111101001010001
1111011001111111001010001
1111111001111111001010001
1110011101111111001010001
1110111101111111001010001
1111011001111100101010001
1111111001111100101010001
1110011101111100101010001
1110111101111100101010001
1111011001111110101010001
1111111001111110101010001
1110011101111110101010001
1110111101111110101010001
1111011001111101101010001
1111111001111101101010001
1110011101111101101010001
1110111101111101101010001
1111011001111111101010001
1111111001111111101010001
1110011101111111101010001
1110111101111111101010001
1011011001111100001110001
1011111001111100001110001
1010011101111100001110001
1010111101111100001110001
1011011001111110001110001
1011111001111110001110001
1010011101111110001110001
1010111101111110001110001
1011011001111101001110001
1011111001111101001110001
1010011101111101001110001
1010111101111101001110001
1011011001111111001110001
1011111001111111001110001
1010011101111111001110001
1010111101111111001110001
1011011011111100001001001
1111011001111100001001001
1111111001111100001001001
1110011101111100001001001
1110111101111100001001001
1011111011111100001001001
1010011111111100001001001
1010111111111100001001001
1111011001111110001001001
1111111001111110001001001
1110011101111110001001001
1110111101111110001001001
1011011011111110001001001
1011111011111110001001001
1010011111111110001001001
1010111111111110001001001
1111011001111101001001001
1111111001111101001001001
1110011101111101001001001
1110111101111101001001001
1111011001111111001001001
1111111001111111001001001
1110011101111111001001001
1110111101111111001001001
1111011001111100101001001
1111111001111100101001001
1110011101111100101001001
1110111101111100101001001
1011011011111100101001001
1011111011111100101001001
1010011111111100101001001
1010111111111100101001001
1111011001111110101001001
1111111001111110101001001
1110011101111110101001001
1110111101111110101001001
1011011011111110101001001
1011111011111110101001001
1010011111111110101001001
1010111111111110101001001
1111011001111101101001001
1111111001111101101001001
1110011101111101101001001
1110111101111101101001001
1111011001111111101001001
1111111001111111101001001
1110011101111111101001001
1110111101111111101001001
1011111001111100001101001
1010011101111100001101001
1010111101111100001101001
1011011001111110001101001
1011111001111110001101001
1010011101111110001101001
1010111101111110001101001
1011011001111101001101001
1011111001111101001101001
1010011101111101001101001
1010111101111101001101001
1011011001111111001101001
1011111001111111001101001
1010011101111111001101001
1010111101111111001101001
1011011011111100001011001
1111011001111100001011001
1111111001111100001011001
1110011101111100001011001
1110111101111100001011001
1011111011111100001011001
1010011111111100001011001
1010111111111100001011001
1111011001111110001011001
1111111001111110001011001
1110011101111110001011001
1110111101111110001011001
1011011011111110001011001
1011111011111110001011001
1010011111111110001011001
1010111111111110001011001
1111011001111101001011001
1111111001111101001011001
1110011101111101001011001
1110111101111101001011001
1111011001111111001011001
1111111001111111001011001
1110011101111111001011001
1110111101111111001011001
1111011001111100101011001
1111111001111100101011001
1110011101111100101011001
1110111101111100101011001
1011011011111100101011001
1011111011111100101011001
1010011111111100101011001
1010111111111100101011001
1111011001111110101011001
1111111001111110101011001
1110011101111110101011001
1110111101111110101011001
1011011011111110101011001
1011111011111110101011001
1010011111111110101011001
1010111111111110101011001
1111011001111101101011001
1111111001111101101011001
1110011101111101101011001
1110111101111101101011001
1111011001111111101011001
1111111001111111101011001
1110011101111111101011001
1110111101111111101011001
1011011001111100001111001
1011111001111100001111001
1010011101111100001111001
1010111101111100001111001
1011011001111110001111001
1011111001111110001111001
1010011101111110001111001
1010111101111110001111001
1011011001111101001111001
1011111001111101001111001
1010011101111101001111001
1010111101111101001111001
1011011001111111001111001
1011111001111111001111001
1010011101111111001111001
1010111101111111001111001
1011011011110100001001101
1111011001110100001010101
1111111001110100001010101
1110011101110100001010101
1110111101110100001010101
1111011001110110001010101
1111111001110110001010101
1110011101110110001010101
1110111101110110001010101
1111011001110101001010101
1111111001110101001010101
1110011101110101001010101
1110111101110101001010101
1111011001110111001010101
1111111001110111001010101
1110011101110111001010101
1110111101110111001010101
1111011001110100101010101
1111111001110100101010101
1110011101110100101010101
1110111101110100101010101
1111011001110110101010101
1111111001110110101010101
1110011101110110101010101
1110111101110110101010101
1111011001110101101010101
1111111001110101101010101
1110011101110101101010101
1110111101110101101010101
1111011001110111101010101
1111111001110111101010101
1110011101110111101010101
1110111101110111101010101
1011011001110100001110101
1011111001110100001110101
1010011101110100001110101
1010111101110100001110101
1011011001110110001110101
1011111001110110001110101
1010011101110110001110101
1010111101110110001110101
1011011001110101001110101
1011111001110101001110101
1010011101110101001110101
1010111101110101001110101
1011011001110111001110101
1011111001110111001110101
1010011101110111001110101
1010111101110111001110101
1011111011110100001001101
1111011001110100001001101
1111111001110100001001101
1110011101110100001001101
1110111101110100001001101
1010011111110100001001101
1010111111110100001001101
1111011001110110001001101
1111111001110110001001101
1110011101110110001001101
1110111101110110001001101
1011011011110110001001101
1011111011110110001001101
1010011111110110001001101
1010111111110110001001101
1111011001110101001001101
1111111001110101001001101
1110011101110101001001101
1110111101110101001001101
1111011001110111001001101
1111111001110111001001101
1110011101110111001001101
1110111101110111001001101
1111011001110100101001101
1111111001110100101001101
1110011101110100101001101
1110111101110100101001101
1011011011110100101001101
1011111011110100101001101
1010011111110100101001101
1010111111110100101001101
1111011001110110101001101
1111111001110110101001101
1110011101110110101001101
1110111101110110101001101
1011011011110110101001101
1011111011110110101001101
1010011111110110101001101
1010111111110110101001101
1111011001110101101001101
1111111001110101101001101
1110011101110101101001101
1110111101110101101001101
1111011001110111101001101
1111111001110111101001101
1110011101110111101001101
1110111101110111101001101
1011011001110100001101101
1011111001110100001101101
1010011101110100001101101
1010111101110100001101101
1011011001110110001101101
1011111001110110001101101
1010011101110110001101101
1010111101110110001101101
1011011001110101001101101
1011111001110101001101101
1010011101110101001101101
1010111101110101001101101
1011011001110111001101101
1011111001110111001101101
1010011101110111001101101
1010111101110111001101101
1011011011110100001011101
1111011001110100001011101
1111111001110100001011101
1110011101110100001011101
1110111101110100001011101
1011111011110100001011101
1010011111110100001011101
1010111111110100001011101
1111011001110110001011101
1111111001110110001011101
1110011101110110001011101
1110111101110110001011101
1011011011110110001011101
1011111011110110001011101
1010011111110110001011101
1010111111110110001011101
1111011001110101001011101
1111111001110101001011101
1110011101110101001011101
1110111101110101001011101
1111011001110111001011101
1111111001110111001011101
1110011101110111001011101
1110111101110111001011101
1111011001110100101011101
1111111001110100101011101
1110011101110100101011101
1110111101110100101011101
1011011011110100101011101
1011111011110100101011101
1010011111110100101011101
1010111111110100101011101
1111011001110110101011101
1111111001110110101011101
1110011101110110101011101
1110111101110110101011101
1011011011110110101011101
1011111011110110101011101
1010011111110110101011101
1010111111110110101011101
1111011001110101101011101
1111111001110101101011101
1110011101110101101011101
1110111101110101101011101
1111011001110111101011101
1111111001110111101011101
1110011101110111101011101
1110111101110111101011101
1011011001110100001111101
1011111001110100001111101
1010011101110100001111101
1010111101110100001111101
1011011001110110001111101
1011111001110110001111101
1010011101110110001111101
1010111101110110001111101
1011011001110101001111101
1011111001110101001111101
1010011101110101001111101
1010111101110101001111101
1011011001110111001111101
1011111001110111001111101
1010011101110111001111101
1010111101110111001111101
1011011001111100001010011
1011111001111100001010011
1010011101111100001010011
1010111101111100001010011
1011011001111110001010011
1011111001111110001010011
1010011101111110001010011
1010111101111110001010011
1011011001111101001010011
1011111001111101001010011
1010011101111101001010011
1010111101111101001010011
1011011001111111001010011
1011111001111111001010011
1010011101111111001010011
1010111101111111001010011
1011011001111100101010011
1011111001111100101010011
1010011101111100101010011
1010111101111100101010011
1011011001111110101010011
1011111001111110101010011
1010011101111110101010011
1010111101111110101010011
1011011001111101101010011
1011111001111101101010011
1010011101111101101010011
1010111101111101101010011
1011011001111111101010011
1011111001111111101010011
1010011101111111101010011
1010111101111111101010011
1011011001111100011010011
1011111001111100011010011
1010011101111100011010011
1010111101111100011010011
1011011001111110011010011
1011111001111110011010011
1010011101111110011010011
1010111101111110011010011
1011011001111101011010011
1011111001111101011010011
1010011101111101011010011
1010111101111101011010011
1011011001111111011010011
1011111001111111011010011
1010011101111111011010011
1010111101111111011010011
1011011001111100111010011
1011111001111100111010011
1010011101111100111010011
1010111101111100111010011
1011011001111110111010011
1011111001111110111010011
1010011101111110111010011
1010111101111110111010011
1011011001111101111010011
1011111001111101111010011
1010011101111101111010011
1010111101111101111010011
1011011001111111111010011
1011111001111111111010011
1010011101111111111010011
1010111101111111111010011
1011011001111100001001011
1011111001111100001001011
1010011101111100001001011
1010111101111100001001011
1011011001111110001001011
1011111001111110001001011
1010011101111110001001011
1010111101111110001001011
1011011001111101001001011
1011111001111101001001011
1010011101111101001001011
1010111101111101001001011
1011011001111111001001011
1011111001111111001001011
1010011101111111001001011
1010111101111111001001011
1011011001111100101001011
1011111001111100101001011
1010011101111100101001011
1010111101111100101001011
1011011001111110101001011
1011111001111110101001011
1010011101111110101001011
1010111101111110101001011
1011011001111101101001011
1011111001111101101001011
1010011101111101101001011
1010111101111101101001011
1011011001111111101001011
1011111001111111101001011
1010011101111111101001011
1010111101111111101001011
1011011001111100011001011
1011111001111100011001011
1010011101111100011001011
1010111101111100011001011
1011011001111110011001011
1011111001111110011001011
1010011101111110011001011
1010111101111110011001011
1011011001111101011001011
1011111001111101011001011
1010011101111101011001011
1010111101111101011001011
1011011001111111011001011
1011111001111111011001011
1010011101111111011001011
1010111101111111011001011
1011011001111100111001011
1011111001111100111001011
1010011101111100111001011
1010111101111100111001011
1011011001111110111001011
1011111001111110111001011
1010011101111110111001011
1010111101111110111001011
1011011001111101111001011
1011111001111101111001011
1010011101111101111001011
1010111101111101111001011
1011011001111111111001011
1011111001111111111001011
1010011101111111111001011
1010111101111111111001011
1011011001111100001011011
1011111001111100001011011
1010011101111100001011011
1010111101111100001011011
1011011001111110001011011
1011111001111110001011011
1010011101111110001011011
1010111101111110001011011
1011011001111101001011011
1011111001111101001011011
1010011101111101001011011
1010111101111101001011011
1011011001111111001011011
1011111001111111001011011
1010011101111111001011011
1010111101111111001011011
1011011001111100101011011
1011111001111100101011011
1010011101111100101011011
1010111101111100101011011
1011011001111110101011011
1011111001111110101011011
1010011101111110101011011
1010111101111110101011011
1011011001111101101011011
1011111001111101101011011
1010011101111101101011011
1010111101111101101011011
1011011001111111101011011
1011111001111111101011011
1010011101111111101011011
1010111101111111101011011
1011011001111100011011011
1011111001111100011011011
1010011101111100011011011
1010111101111100011011011
1011011001111110011011011
1011111001111110011011011
1010011101111110011011011
1010111101111110011011011
1011011001111101011011011
1011111001111101011011011
1010011101111101011011011
1010111101111101011011011
1011011001111111011011011
1011111001111111011011011
1010011101111111011011011
1010111101111111011011011
1011011001111100111011011
1011111001111100111011011
1010011101111100111011011
1010111101111100111011011
1011011001111110111011011
1011111001111110111011011
1010011101111110111011011
1010111101111110111011011
1011011001111101111011011
1011111001111101111011011
1010011101111101111011011
1010111101111101111011011
1011011001111111111011011
1011111001111111111011011
1010011101111111111011011
1010111101111111111011011
1011011001110100001010111
1011111001110100001010111
1010011101110100001010111
1010111101110100001010111
1011011001110110001010111
1011111001110110001010111
1010011101110110001010111
1010111101110110001010111
1011011001110101001010111
1011111001110101001010111
1010011101110101001010111
1010111101110101001010111
1011011001110111001010111
1011111001110111001010111
1010011101110111001010111
1010111101110111001010111
1011011001110100101010111
1011111001110100101010111
1010011101110100101010111
1010111101110100101010111
1011011001110110101010111
1011111001110110101010111
1010011101110110101010111
1010111101110110101010111
1011011001110101101010111
1011111001110101101010111
1010011101110101101010111
1010111101110101101010111
1011011001110111101010111
1011111001110111101010111
1010011101110111101010111
1010111101110111101010111
1011011001110100011010111
1011111001110100011010111
1010011101110100011010111
1010111101110100011010111
1011011001110110011010111
1011111001110110011010111
1010011101110110011010111
1010111101110110011010111
1011011001110101011010111
1011111001110101011010111
1010011101110101011010111
1010111101110101011010111
1011011001110111011010111
1011111001110111011010111
1010011101110111011010111
1010111101110111011010111
1011011001110100111010111
1011111001110100111010111
1010011101110100111010111
1010111101110100111010111
1011011001110110111010111
1011111001110110111010111
1010011101110110111010111
1010111101110110111010111
1011011001110101111010111
1011111001110101111010111
1010011101110101111010111
1010111101110101111010111
1011011001110111111010111
1011111001110111111010111
1010011101110111111010111
1010111101110111111010111
1011011001110100001001111
1011111001110100001001111
1010011101110100001001111
1010111101110100001001111
1011011001110110001001111
1011111001110110001001111
1010011101110110001001111
1010111101110110001001111
1011011001110101001001111
1011111001110101001001111
1010011101110101001001111
1010111101110101001001111
1011011001110111001001111
1011111001110111001001111
1010011101110111001001111
1010111101110111001001111
1011011001110100101001111
1011111001110100101001111
1010011101110100101001111
1010111101110100101001111
1011011001110110101001111
1011111001110110101001111
1010011101110110101001111
1010111101110110101001111
1011011001110101101001111
1011111001110101101001111
1010011101110101101001111
1010111101110101101001111
1011011001110111101001111
1011111001110111101001111
1010011101110111101001111
1010111101110111101001111
1011011001110100011001111
1011111001110100011001111
1010011101110100011001111
1010111101110100011001111
1011011001110110011001111
1011111001110110011001111
1010011101110110011001111
1010111101110110011001111
1011011001110101011001111
1011111001110101011001111
1010011101110101011001111
1010111101110101011001111
1011011001110111011001111
1011111001110111011001111
1010011101110111011001111
1010111101110111011001111
1011011001110100111001111
1011111001110100111001111
1010011101110100111001111
1010111101110100111001111
1011011001110110111001111
1011111001110110111001111
1010011101110110111001111
1010111101110110111001111
1011011001110101111001111
1011111001110101111001111
1010011101110101111001111
1010111101110101111001111
1011011001110111111001111
1011111001110111111001111
1010011101110111111001111
1010111101110111111001111
1011011001110100001011111
1011111001110100001011111
1010011101110100001011111
1010111101110100001011111
1011011001110110001011111
1011111001110110001011111
1010011101110110001011111
1010111101110110001011111
1011011001110101001011111
1011111001110101001011111
1010011101110101001011111
1010111101110101001011111
1011011001110111001011111
1011111001110111001011111
1010011101110111001011111
1010111101110111001011111
1011011001110100101011111
1011111001110100101011111
1010011101110100101011111
1010111101110100101011111
1011011001110110101011111
1011111001110110101011111
1010011101110110101011111
1010111101110110101011111
1011011001110101101011111
1011111001110101101011111
1010011101110101101011111
1010111101110101101011111
1011011001110111101011111
1011111001110111101011111
1010011101110111101011111
1010111101110111101011111
1011011001110100011011111
1011111001110100011011111
1010011101110100011011111
1010111101110100011011111
1011011001110110011011111
1011111001110110011011111
1010011101110110011011111
1010111101110110011011111
1011011001110101011011111
1011111001110101011011111
1010011101110101011011111
1010111101110101011011111
1011011001110111011011111
1011111001110111011011111
1010011101110111011011111
1010111101110111011011111
1011011001110100111011111
1011111001110100111011111
1010011101110100111011111
1010111101110100111011111
1011011001110110111011111
1011111001110110111011111
1010011101110110111011111
1010111101110110111011111
1011011001110101111011111
1011111001110101111011111
1010011101110101111011111
1010111101110101111011111
1011011001110111111011111
1011111001110111111011111
1010011101110111111011111
1010111101110111111011111
