moving_mode;compose_do_undo_redo;graph_manipulation;zoom_inout;move_do_undo_redo;up_layer;services;delete_do_undo_redo;layer_adjust;move;delete;outline_moving;non_increment_selection;horizontal_constraint;select_do_undo_redo;down_layer;increment_selection;entity_add;moving_constraint;add_do_undo_redo;vertical_constraint;select;do_undo_redo;layer_adjust_do_undo_redo;add;compose;selection_mode;connector_add;content_moving;graph;
101000100111100001000100101101
101100100111100001000100101101
101001101111100101000100101101
101101101111100101000100101101
101000100111000011000100101101
101100100111000011000100101101
101001101111000111000100101101
101101101111000111000100101101
101000100111110001100100101101
101100100111110001100100101101
101001101111110101100100101101
101101101111110101100100101101
101000100111010011100100101101
101100100111010011100100101101
101001101111010111100100101101
101101101111010111100100101101
101000100111100001101100101101
101100100111100001101100101101
101001101111100101101100101101
101101101111100101101100101101
101000100111000011101100101101
101100100111000011101100101101
101001101111000111101100101101
101101101111000111101100101101
101010110111101001010110101101
101110110111101001010110101101
101011111111101101010110101101
101111111111101101010110101101
101010110111001011010110101101
101110110111001011010110101101
101011111111001111010110101101
101111111111001111010110101101
101010110111111001110110101101
101110110111111001110110101101
101011111111111101110110101101
101111111111111101110110101101
101010110111011011110110101101
101110110111011011110110101101
101011111111011111110110101101
101111111111011111110110101101
101010110111101001111110101101
101110110111101001111110101101
101011111111101101111110101101
101111111111101101111110101101
101010110111001011111110101101
101110110111001011111110101101
101011111111001111111110101101
101111111111001111111110101101
101011111111101101010111101101
101111111111101101010111101101
101011111111001111010111101101
101111111111001111010111101101
101011111111111101110111101101
101111111111111101110111101101
101011111111011111110111101101
101111111111011111110111101101
101011111111101101111111101101
101111111111101101111111101101
101011111111001111111111101101
101111111111001111111111101101
101000100111100001000100111101
101100100111100001000100111101
101001101111100101000100111101
101101101111100101000100111101
101000100111000011000100111101
101100100111000011000100111101
101001101111000111000100111101
101101101111000111000100111101
101000100111110001100100111101
101100100111110001100100111101
101001101111110101100100111101
101101101111110101100100111101
101000100111010011100100111101
101100100111010011100100111101
101001101111010111100100111101
101101101111010111100100111101
101000100111100001101100111101
101100100111100001101100111101
101001101111100101101100111101
101101101111100101101100111101
101000100111000011101100111101
101100100111000011101100111101
101001101111000111101100111101
101101101111000111101100111101
101010110111101001010110111101
111010110111101001010110111101
101110110111101001010110111101
111110110111101001010110111101
101011111111101101010110111101
111011111111101101010110111101
101111111111101101010110111101
111111111111101101010110111101
101010110111001011010110111101
111010110111001011010110111101
101110110111001011010110111101
111110110111001011010110111101
101011111111001111010110111101
111011111111001111010110111101
101111111111001111010110111101
111111111111001111010110111101
101010110111111001110110111101
111010110111111001110110111101
101110110111111001110110111101
111110110111111001110110111101
101011111111111101110110111101
111011111111111101110110111101
101111111111111101110110111101
111111111111111101110110111101
101010110111011011110110111101
111010110111011011110110111101
101110110111011011110110111101
111110110111011011110110111101
101011111111011111110110111101
111011111111011111110110111101
101111111111011111110110111101
111111111111011111110110111101
101010110111101001111110111101
111010110111101001111110111101
101110110111101001111110111101
111110110111101001111110111101
101011111111101101111110111101
111011111111101101111110111101
101111111111101101111110111101
111111111111101101111110111101
101010110111001011111110111101
111010110111001011111110111101
101110110111001011111110111101
111110110111001011111110111101
101011111111001111111110111101
111011111111001111111110111101
101111111111001111111110111101
111111111111001111111110111101
101011111111101101010111111101
111011111111101101010111111101
101111111111101101010111111101
111111111111101101010111111101
101011111111001111010111111101
111011111111001111010111111101
101111111111001111010111111101
111111111111001111010111111101
101011111111111101110111111101
111011111111111101110111111101
101111111111111101110111111101
111111111111111101110111111101
101011111111011111110111111101
111011111111011111110111111101
101111111111011111110111111101
111111111111011111110111111101
101011111111101101111111111101
111011111111101101111111111101
101111111111101101111111111101
111111111111101101111111111101
101011111111001111111111111101
111011111111001111111111111101
101111111111001111111111111101
111111111111001111111111111101
101000100110100001000100101111
101100100110100001000100101111
101001101110100101000100101111
101101101110100101000100101111
101000100110000011000100101111
101100100110000011000100101111
101001101110000111000100101111
101101101110000111000100101111
101000100110110001100100101111
101100100110110001100100101111
101001101110110101100100101111
101101101110110101100100101111
101000100110010011100100101111
101100100110010011100100101111
101001101110010111100100101111
101101101110010111100100101111
101000100110100001101100101111
101100100110100001101100101111
101001101110100101101100101111
101101101110100101101100101111
101000100110000011101100101111
101100100110000011101100101111
101001101110000111101100101111
101101101110000111101100101111
101010110110101001010110101111
101110110110101001010110101111
101011111110101101010110101111
101111111110101101010110101111
101010110110001011010110101111
101110110110001011010110101111
101011111110001111010110101111
101111111110001111010110101111
101010110110111001110110101111
101110110110111001110110101111
101011111110111101110110101111
101111111110111101110110101111
101010110110011011110110101111
101110110110011011110110101111
101011111110011111110110101111
101111111110011111110110101111
101010110110101001111110101111
101110110110101001111110101111
101011111110101101111110101111
101111111110101101111110101111
101010110110001011111110101111
101110110110001011111110101111
101011111110001111111110101111
101111111110001111111110101111
101011111110101101010111101111
101111111110101101010111101111
101011111110001111010111101111
101111111110001111010111101111
101011111110111101110111101111
101111111110111101110111101111
101011111110011111110111101111
101111111110011111110111101111
101011111110101101111111101111
101111111110101101111111101111
101011111110001111111111101111
101111111110001111111111101111
101000100110100001000100111111
101100100110100001000100111111
101001101110100101000100111111
101101101110100101000100111111
101000100110000011000100111111
101100100110000011000100111111
101001101110000111000100111111
101101101110000111000100111111
101000100110110001100100111111
101100100110110001100100111111
101001101110110101100100111111
101101101110110101100100111111
101000100110010011100100111111
101100100110010011100100111111
101001101110010111100100111111
101101101110010111100100111111
101000100110100001101100111111
101100100110100001101100111111
101001101110100101101100111111
101101101110100101101100111111
101000100110000011101100111111
101100100110000011101100111111
101001101110000111101100111111
101101101110000111101100111111
101010110110101001010110111111
111010110110101001010110111111
101110110110101001010110111111
111110110110101001010110111111
101011111110101101010110111111
111011111110101101010110111111
101111111110101101010110111111
111111111110101101010110111111
101010110110001011010110111111
111010110110001011010110111111
101110110110001011010110111111
111110110110001011010110111111
101011111110001111010110111111
111011111110001111010110111111
101111111110001111010110111111
111111111110001111010110111111
101010110110111001110110111111
111010110110111001110110111111
101110110110111001110110111111
111110110110111001110110111111
101011111110111101110110111111
111011111110111101110110111111
101111111110111101110110111111
111111111110111101110110111111
101010110110011011110110111111
111010110110011011110110111111
101110110110011011110110111111
111110110110011011110110111111
101011111110011111110110111111
111011111110011111110110111111
101111111110011111110110111111
111111111110011111110110111111
101010110110101001111110111111
111010110110101001111110111111
101110110110101001111110111111
111110110110101001111110111111
101011111110101101111110111111
111011111110101101111110111111
101111111110101101111110111111
111111111110101101111110111111
101010110110001011111110111111
111010110110001011111110111111
101110110110001011111110111111
111110110110001011111110111111
101011111110001111111110111111
111011111110001111111110111111
101111111110001111111110111111
111111111110001111111110111111
101011111110101101010111111111
111011111110101101010111111111
101111111110101101010111111111
111111111110101101010111111111
101011111110001111010111111111
111011111110001111010111111111
101111111110001111010111111111
111111111110001111010111111111
101011111110111101110111111111
111011111110111101110111111111
101111111110111101110111111111
111111111110111101110111111111
101011111110011111110111111111
111011111110011111110111111111
101111111110011111110111111111
111111111110011111110111111111
101011111110101101111111111111
111011111110101101111111111111
101111111110101101111111111111
111111111110101101111111111111
101011111110001111111111111111
111011111110001111111111111111
101111111110001111111111111111
111111111110001111111111111111
