order;file;alpha_sort;pipe_and_filter;compression;implicit;shift_data;console;input_output;kwic;descendant;each_line;arch_style;shared_data;all_lines;sensitive;explicit;adt;shift_processing;insensitive;noise_words;ascendant;case_sensitivity;circular_shift;implicit_invocation;
1110011011101101000000110
1010011111101101000000110
1110011111101101000000110
1110001011101101100000110
1010001111101101100000110
1110001111101101100000110
1110011011101001010000110
1010011111101001010000110
1110011111101001010000110
1110001011101001110000110
1010001111101001110000110
1110001111101001110000110
1110101011111101101000110
1010101111111101101000110
1110101111111101101000110
1110101011101111101000110
1111101011101011101000110
1011101111101011101000110
1111101111101011101000110
1010101111101111101000110
1110101111101111101000110
1110101011111001111000110
1010101111111001111000110
1110101111111001111000110
1110101011101011111000110
1010101111101011111000110
1110101111101011111000110
1110011011101100000100110
1010011111101100000100110
1110011111101100000100110
1110001011101100100100110
1010001111101100100100110
1110001111101100100100110
1110011011101000010100110
1010011111101000010100110
1110011111101000010100110
1110001011101000110100110
1010001111101000110100110
1110001111101000110100110
1110101011111100101100110
1010101111111100101100110
1110101111111100101100110
1110101011101110101100110
1111101011101010101100110
1011101111101010101100110
1111101111101010101100110
1010101111101110101100110
1110101111101110101100110
1110101011111000111100110
1010101111111000111100110
1110101111111000111100110
1110101011101010111100110
1010101111101010111100110
1110101111101010111100110
1110101011111101101010110
1010101111111101101010110
1110101111111101101010110
1110101011101111101010110
1111101011101011101010110
1011101111101011101010110
1111101111101011101010110
1010101111101111101010110
1110101111101111101010110
1110101011111001111010110
1010101111111001111010110
1110101111111001111010110
1110101011101011111010110
1010101111101011111010110
1110101111101011111010110
1110101011111100101110110
1010101111111100101110110
1110101111111100101110110
1110101011101110101110110
1111101011101010101110110
1011101111101010101110110
1111101111101010101110110
1010101111101110101110110
1110101111101110101110110
1110101011111000111110110
1010101111111000111110110
1110101111111000111110110
1110101011101010111110110
1010101111101010111110110
1110101111101010111110110
1110011011001101000001110
1010011111001101000001110
1110011111001101000001110
1110001011001101100001110
1010001111001101100001110
1110001111001101100001110
1110011011001001010001110
1010011111001001010001110
1110011111001001010001110
1110001011001001110001110
1010001111001001110001110
1110001111001001110001110
1110101011011101101001110
1010101111011101101001110
1110101111011101101001110
1110101011001111101001110
1111101011001011101001110
1011101111001011101001110
1111101111001011101001110
1010101111001111101001110
1110101111001111101001110
1110101011011001111001110
1010101111011001111001110
1110101111011001111001110
1110101011001011111001110
1010101111001011111001110
1110101111001011111001110
1110011011001100000101110
1010011111001100000101110
1110011111001100000101110
1110001011001100100101110
1010001111001100100101110
1110001111001100100101110
1110011011001000010101110
1010011111001000010101110
1110011111001000010101110
1110001011001000110101110
1010001111001000110101110
1110001111001000110101110
1110101011011100101101110
1010101111011100101101110
1110101111011100101101110
1110101011001110101101110
1111101011001010101101110
1011101111001010101101110
1111101111001010101101110
1010101111001110101101110
1110101111001110101101110
1110101011011000111101110
1010101111011000111101110
1110101111011000111101110
1110101011001010111101110
1010101111001010111101110
1110101111001010111101110
1110101011011101101011110
1010101111011101101011110
1110101111011101101011110
1110101011001111101011110
1111101011001011101011110
1011101111001011101011110
1111101111001011101011110
1010101111001111101011110
1110101111001111101011110
1110101011011001111011110
1010101111011001111011110
1110101111011001111011110
1110101011001011111011110
1010101111001011111011110
1110101111001011111011110
1110101011011100101111110
1010101111011100101111110
1110101111011100101111110
1110101011001110101111110
1111101011001010101111110
1011101111001010101111110
1111101111001010101111110
1010101111001110101111110
1110101111001110101111110
1110101011011000111111110
1010101111011000111111110
1110101111011000111111110
1110101011001010111111110
1010101111001010111111110
1110101111001010111111110
1110011011101001000000111
1010011111101001000000111
1110011111101001000000111
1110001011101001100000111
1010001111101001100000111
1110001111101001100000111
1110101011111001101000111
1010101111111001101000111
1110101111111001101000111
1110101011101011101000111
1010101111101011101000111
1110101111101011101000111
1110011011101000000100111
1010011111101000000100111
1110011111101000000100111
1110001011101000100100111
1010001111101000100100111
1110001111101000100100111
1110101011111000101100111
1010101111111000101100111
1110101111111000101100111
1110101011101010101100111
1010101111101010101100111
1110101111101010101100111
1110101011111001101010111
1010101111111001101010111
1110101111111001101010111
1110101011101011101010111
1010101111101011101010111
1110101111101011101010111
1110101011111000101110111
1010101111111000101110111
1110101111111000101110111
1110101011101010101110111
1010101111101010101110111
1110101111101010101110111
1110011011001001000001111
1010011111001001000001111
1110011111001001000001111
1110001011001001100001111
1010001111001001100001111
1110001111001001100001111
1110101011011001101001111
1010101111011001101001111
1110101111011001101001111
1110101011001011101001111
1010101111001011101001111
1110101111001011101001111
1110011011001000000101111
1010011111001000000101111
1110011111001000000101111
1110001011001000100101111
1010001111001000100101111
1110001111001000100101111
1110101011011000101101111
1010101111011000101101111
1110101111011000101101111
1110101011001010101101111
1010101111001010101101111
1110101111001010101101111
1110101011011001101011111
1010101111011001101011111
1110101111011001101011111
1110101011001011101011111
1010101111001011101011111
1110101111001011101011111
1110101011011000101111111
1010101111011000101111111
1110101111011000101111111
1110101011001010101111111
1010101111001010101111111
1110101111001010101111111
