_id_2;page_preview;_id_0;_id_7;page_translation;_id_9;_id_10;_id_11;svg;_id_5;_id_6;_id_3;_id_1;search_by_language;
10100000000010
11100000000010
10110000000010
11110000000010
10101000000010
11101000000010
10111000000010
11111000000010
10100000001110
10100000100110
10110000100110
10101000100110
10111000100110
10100000010110
11100000010110
10110000010110
11110000010110
10101000010110
11101000010110
10111000010110
11111000010110
11100000001110
10110000001110
11110000001110
10101000001110
11101000001110
10111000001110
11111000001110
10101100000011
11101100000011
10111100000011
11111100000011
10101010000011
11101010000011
10111010000011
11111010000011
10101110000011
11101110000011
10111110000011
11111110000011
10101001000011
11101001000011
10111001000011
11111001000011
10101101000011
11101101000011
10111101000011
11111101000011
10101011000011
11101011000011
10111011000011
11111011000011
10101111000011
11101111000011
10111111000011
11111111000011
10101100001111
10101100100111
10111100100111
10101010100111
10111010100111
10101110100111
10111110100111
10101001100111
10111001100111
10101101100111
10111101100111
10101011100111
10111011100111
10101111100111
10111111100111
10101100010111
11101100010111
10111100010111
11111100010111
10101010010111
11101010010111
10111010010111
11111010010111
10101110010111
11101110010111
10111110010111
11111110010111
10101001010111
11101001010111
10111001010111
11111001010111
10101101010111
11101101010111
10111101010111
11111101010111
10101011010111
11101011010111
10111011010111
11111011010111
10101111010111
11101111010111
10111111010111
11111111010111
11101100001111
10111100001111
11111100001111
10101010001111
11101010001111
10111010001111
11111010001111
10101110001111
11101110001111
10111110001111
11111110001111
10101001001111
11101001001111
10111001001111
11111001001111
10101101001111
11101101001111
10111101001111
11111101001111
10101011001111
11101011001111
10111011001111
11111011001111
10101111001111
11101111001111
10111111001111
11111111001111
