remove_blank_lines;file_ext_bak;editor_config;backup_onchange;commands;autosave;dos_unix_conversion;minutes;file_bak;syntax_highlighting;backup_extension;backup;file_bak_ext;associated_file_ext;spell_check;ext;document_class;syntax_definition_file;
011000000011000000
011100000011000000
011001010011000000
011101010011000000
001000001011000000
001100001011000000
001001011011000000
001101011011000000
001000000011100000
001100000011100000
001001010011100000
001101010011100000
001010001011010010
011010000011010010
011110000011010010
011010100011010010
011110100011010010
011011010011010010
011111010011010010
011011110011010010
011111110011010010
001110001011010010
001010101011010010
001110101011010010
001011011011010010
001111011011010010
001011111011010010
001111111011010010
001010000011110010
001110000011110010
001010100011110010
001110100011110010
001011010011110010
001111010011110010
001011110011110010
001111110011110010
001010001011011010
011010000011011010
011110000011011010
011010100011011010
011110100011011010
011011010011011010
011111010011011010
011011110011011010
011111110011011010
001110001011011010
001010101011011010
001110101011011010
001011011011011010
001111011011011010
001011111011011010
001111111011011010
001010000011111010
001110000011111010
001010100011111010
001110100011111010
001011010011111010
001111010011111010
001011110011111010
001111110011111010
001010001011010110
011010000011010110
011110000011010110
011010100011010110
011110100011010110
011011010011010110
011111010011010110
011011110011010110
011111110011010110
001110001011010110
001010101011010110
001110101011010110
001011011011010110
001111011011010110
001011111011010110
001111111011010110
001010000011110110
001110000011110110
001010100011110110
001110100011110110
001011010011110110
001111010011110110
001011110011110110
001111110011110110
001010001011011110
011010000011011110
011110000011011110
011010100011011110
011110100011011110
011011010011011110
011111010011011110
011011110011011110
011111110011011110
001110001011011110
001010101011011110
001110101011011110
001011011011011110
001111011011011110
001011111011011110
001111111011011110
001010000011111110
001110000011111110
001010100011111110
001110100011111110
001011010011111110
001111010011111110
001011110011111110
001111110011111110
001010001111010011
011010000111010011
011110000111010011
011010100111010011
011110100111010011
011011010111010011
011111010111010011
011011110111010011
011111110111010011
001110001111010011
001010101111010011
001110101111010011
001011011111010011
001111011111010011
001011111111010011
001111111111010011
001010000111110011
001110000111110011
001010100111110011
001110100111110011
001011010111110011
001111010111110011
001011110111110011
001111110111110011
001010001111011011
011010000111011011
011110000111011011
011010100111011011
011110100111011011
011011010111011011
011111010111011011
011011110111011011
011111110111011011
001110001111011011
001010101111011011
001110101111011011
001011011111011011
001111011111011011
001011111111011011
001111111111011011
001010000111111011
001110000111111011
001010100111111011
001110100111111011
001011010111111011
001111010111111011
001011110111111011
001111110111111011
001010001111010111
011010000111010111
011110000111010111
011010100111010111
011110100111010111
011011010111010111
011111010111010111
011011110111010111
011111110111010111
001110001111010111
001010101111010111
001110101111010111
001011011111010111
001111011111010111
001011111111010111
001111111111010111
001010000111110111
001110000111110111
001010100111110111
001110100111110111
001011010111110111
001111010111110111
001011110111110111
001111110111110111
001010001111011111
011010000111011111
011110000111011111
011010100111011111
011110100111011111
011011010111011111
011111010111011111
011011110111011111
011111110111011111
001110001111011111
001010101111011111
001110101111011111
001011011111011111
001111011111011111
001011111111011111
001111111111011111
001010000111111111
001110000111111111
001010100111111111
001110100111111111
001011010111111111
001111010111111111
001011110111111111
001111110111111111
101010001011010010
111010000011010010
111110000011010010
111010100011010010
111110100011010010
111011010011010010
111111010011010010
111011110011010010
111111110011010010
101110001011010010
101010101011010010
101110101011010010
101011011011010010
101111011011010010
101011111011010010
101111111011010010
101010000011110010
101110000011110010
101010100011110010
101110100011110010
101011010011110010
101111010011110010
101011110011110010
101111110011110010
101010001011011010
111010000011011010
111110000011011010
111010100011011010
111110100011011010
111011010011011010
111111010011011010
111011110011011010
111111110011011010
101110001011011010
101010101011011010
101110101011011010
101011011011011010
101111011011011010
101011111011011010
101111111011011010
101010000011111010
101110000011111010
101010100011111010
101110100011111010
101011010011111010
101111010011111010
101011110011111010
101111110011111010
101010001011010110
111010000011010110
111110000011010110
111010100011010110
111110100011010110
111011010011010110
111111010011010110
111011110011010110
111111110011010110
101110001011010110
101010101011010110
101110101011010110
101011011011010110
101111011011010110
101011111011010110
101111111011010110
101010000011110110
101110000011110110
101010100011110110
101110100011110110
101011010011110110
101111010011110110
101011110011110110
101111110011110110
101010001011011110
111010000011011110
111110000011011110
111010100011011110
111110100011011110
111011010011011110
111111010011011110
111011110011011110
111111110011011110
101110001011011110
101010101011011110
101110101011011110
101011011011011110
101111011011011110
101011111011011110
101111111011011110
101010000011111110
101110000011111110
101010100011111110
101110100011111110
101011010011111110
101111010011111110
101011110011111110
101111110011111110
101010001111010011
111010000111010011
111110000111010011
111010100111010011
111110100111010011
111011010111010011
111111010111010011
111011110111010011
111111110111010011
101110001111010011
101010101111010011
101110101111010011
101011011111010011
101111011111010011
101011111111010011
101111111111010011
101010000111110011
101110000111110011
101010100111110011
101110100111110011
101011010111110011
101111010111110011
101011110111110011
101111110111110011
101010001111011011
111010000111011011
111110000111011011
111010100111011011
111110100111011011
111011010111011011
111111010111011011
111011110111011011
111111110111011011
101110001111011011
101010101111011011
101110101111011011
101011011111011011
101111011111011011
101011111111011011
101111111111011011
101010000111111011
101110000111111011
101010100111111011
101110100111111011
101011010111111011
101111010111111011
101011110111111011
101111110111111011
101010001111010111
111010000111010111
111110000111010111
111010100111010111
111110100111010111
111011010111010111
111111010111010111
111011110111010111
111111110111010111
101110001111010111
101010101111010111
101110101111010111
101011011111010111
101111011111010111
101011111111010111
101111111111010111
101010000111110111
101110000111110111
101010100111110111
101110100111110111
101011010111110111
101111010111110111
101011110111110111
101111110111110111
101010001111011111
111010000111011111
111110000111011111
111010100111011111
111110100111011111
111011010111011111
111111010111011111
111011110111011111
111111110111011111
101110001111011111
101010101111011111
101110101111011111
101011011111011111
101111011111011111
101011111111011111
101111111111011111
101010000111111111
101110000111111111
101010100111111111
101110100111111111
101011010111111111
101111010111111111
101011110111111111
101111110111111111
