file_converter14;undefined_on_paper2;printer_register12;undefined_on_paper4;virtual_printer11;logon10;user_localiz5;file_upload13;user_pos_metho6;access_point7;vof1;rfid8;undefined_on_paper9;follow_me3;
00000110111001
01000110111001
00010110111001
01010110111001
00101111111001
01101111111001
00111111111001
01111111111001
00000110101101
01000110101101
00010110101101
01010110101101
00101111101101
01101111101101
00111111101101
01111111101101
00000110111011
01000110111011
00010110111011
01010110111011
00101111111011
01101111111011
00111111111011
01111111111011
00000110101111
01000110101111
00010110101111
01010110101111
00101111101111
01101111101111
00111111101111
01111111101111
10101111111001
11101111111001
10111111111001
11111111111001
10101111101101
11101111101101
10111111101101
11111111101101
10101111111011
11101111111011
10111111111011
11111111111011
10101111101111
11101111101111
10111111101111
11111111101111
