Size;Speed;Float;Additional_Features;Counter;Integer;Memory_Usage;String;Type_Check;Bounds_Check;Stack;Element_Type;Thread_Safety;Dynamic;Optimization;Fixed;Value;
00100000001100000
00101000001100000
00000100001100000
00001100001100000
00000001001100000
00001001001100000
00010100101100000
00110000101100000
00111000101100000
00011100101100000
00010001101100000
00011001101100000
00010100011100000
00110000011100000
00111000011100000
00011100011100000
00010001011100000
00011001011100000
00010100111100000
00110000111100000
00111000111100000
00011100111100000
00010001111100000
00011001111100000
00010100001110000
00110000001110000
00111000001110000
00011100001110000
00010001001110000
00011001001110000
00010100101110000
00110000101110000
00111000101110000
00011100101110000
00010001101110000
00011001101110000
00010100011110000
00110000011110000
00111000011110000
00011100011110000
00010001011110000
00011001011110000
00010100111110000
00110000111110000
00111000111110000
00011100111110000
00010001111110000
00011001111110000
01000100001100100
01100000001100100
01101000001100100
01001100001100100
00100010001100100
00101010001100100
00000110001100100
00001110001100100
01000001001100100
01001001001100100
00000011001100100
00001011001100100
01110000101100100
01111000101100100
01010100101100100
01011100101100100
00110010101100100
00111010101100100
00010110101100100
00011110101100100
01010001101100100
01011001101100100
00010011101100100
00011011101100100
01110000011100100
01111000011100100
01010100011100100
01011100011100100
00110010011100100
00111010011100100
00010110011100100
00011110011100100
01010001011100100
01011001011100100
00010011011100100
00011011011100100
01110000111100100
01111000111100100
01010100111100100
01011100111100100
00110010111100100
00111010111100100
00010110111100100
00011110111100100
01010001111100100
01011001111100100
00010011111100100
00011011111100100
01010100001110100
01110000001110100
01111000001110100
01011100001110100
00110010001110100
00111010001110100
00010110001110100
00011110001110100
01010001001110100
01011001001110100
00010011001110100
00011011001110100
01110000101110100
01111000101110100
01010100101110100
01011100101110100
00110010101110100
00111010101110100
00010110101110100
00011110101110100
01010001101110100
01011001101110100
00010011101110100
00011011101110100
01010100011110100
01110000011110100
01111000011110100
01011100011110100
00110010011110100
00111010011110100
00010110011110100
00011110011110100
01010001011110100
01011001011110100
00010011011110100
00011011011110100
01110000111110100
01111000111110100
01010100111110100
01011100111110100
00110010111110100
00111010111110100
00010110111110100
00011110111110100
01010001111110100
01011001111110100
00010011111110100
00011011111110100
10100000001101000
10101000001101000
10000100001101000
10001100001101000
10000001001101000
10001001001101000
10010100101101000
10110000101101000
10111000101101000
10011100101101000
10010001101101000
10011001101101000
10010100011101000
10110000011101000
10111000011101000
10011100011101000
10010001011101000
10011001011101000
10010100111101000
10110000111101000
10111000111101000
10011100111101000
10010001111101000
10011001111101000
10010100001111000
10110000001111000
10111000001111000
10011100001111000
10010001001111000
10011001001111000
10010100101111000
10110000101111000
10111000101111000
10011100101111000
10010001101111000
10011001101111000
10010100011111000
10110000011111000
10111000011111000
10011100011111000
10010001011111000
10011001011111000
10010100111111000
10110000111111000
10111000111111000
10011100111111000
10010001111111000
10011001111111000
11000100001101100
11100000001101100
11101000001101100
11001100001101100
10100010001101100
10101010001101100
10000110001101100
10001110001101100
11000001001101100
11001001001101100
10000011001101100
10001011001101100
11110000101101100
11111000101101100
11010100101101100
11011100101101100
10110010101101100
10111010101101100
10010110101101100
10011110101101100
11010001101101100
11011001101101100
10010011101101100
10011011101101100
11110000011101100
11111000011101100
11010100011101100
11011100011101100
10110010011101100
10111010011101100
10010110011101100
10011110011101100
11010001011101100
11011001011101100
10010011011101100
10011011011101100
11110000111101100
11111000111101100
11010100111101100
11011100111101100
10110010111101100
10111010111101100
10010110111101100
10011110111101100
11010001111101100
11011001111101100
10010011111101100
10011011111101100
11010100001111100
11110000001111100
11111000001111100
11011100001111100
10110010001111100
10111010001111100
10010110001111100
10011110001111100
11010001001111100
11011001001111100
10010011001111100
10011011001111100
11110000101111100
11111000101111100
11010100101111100
11011100101111100
10110010101111100
10111010101111100
10010110101111100
10011110101111100
11010001101111100
11011001101111100
10010011101111100
10011011101111100
11010100011111100
11110000011111100
11111000011111100
11011100011111100
10110010011111100
10111010011111100
10010110011111100
10011110011111100
11010001011111100
11011001011111100
10010011011111100
10011011011111100
11110000111111100
11111000111111100
11010100111111100
11011100111111100
10110010111111100
10111010111111100
10010110111111100
10011110111111100
11010001111111100
11011001111111100
10010011111111100
10011011111111100
10000100001100011
10100000001100011
10101000001100011
10001100001100011
10000001001100011
10001001001100011
10010100101100011
10110000101100011
10111000101100011
10011100101100011
10010001101100011
10011001101100011
10010100011100011
10110000011100011
10111000011100011
10011100011100011
10010001011100011
10011001011100011
10010100111100011
10110000111100011
10111000111100011
10011100111100011
10010001111100011
10011001111100011
10010100001110011
10110000001110011
10111000001110011
10011100001110011
10010001001110011
10011001001110011
10010100101110011
10110000101110011
10111000101110011
10011100101110011
10010001101110011
10011001101110011
10010100011110011
10110000011110011
10111000011110011
10011100011110011
10010001011110011
10011001011110011
10010100111110011
10110000111110011
10111000111110011
10011100111110011
10010001111110011
10011001111110011
11000100001100111
11100000001100111
11101000001100111
11001100001100111
10100010001100111
10101010001100111
10000110001100111
10001110001100111
11000001001100111
11001001001100111
10000011001100111
10001011001100111
11110000101100111
11111000101100111
11010100101100111
11011100101100111
10110010101100111
10111010101100111
10010110101100111
10011110101100111
11010001101100111
11011001101100111
10010011101100111
10011011101100111
11110000011100111
11111000011100111
11010100011100111
11011100011100111
10110010011100111
10111010011100111
10010110011100111
10011110011100111
11010001011100111
11011001011100111
10010011011100111
10011011011100111
11110000111100111
11111000111100111
11010100111100111
11011100111100111
10110010111100111
10111010111100111
10010110111100111
10011110111100111
11010001111100111
11011001111100111
10010011111100111
10011011111100111
11010100001110111
11110000001110111
11111000001110111
11011100001110111
10110010001110111
10111010001110111
10010110001110111
10011110001110111
11010001001110111
11011001001110111
10010011001110111
10011011001110111
11110000101110111
11111000101110111
11010100101110111
11011100101110111
10110010101110111
10111010101110111
10010110101110111
10011110101110111
11010001101110111
11011001101110111
10010011101110111
10011011101110111
11010100011110111
11110000011110111
11111000011110111
11011100011110111
10110010011110111
10111010011110111
10010110011110111
10011110011110111
11010001011110111
11011001011110111
10010011011110111
10011011011110111
11110000111110111
11111000111110111
11010100111110111
11011100111110111
10110010111110111
10111010111110111
10010110111110111
10011110111110111
11010001111110111
11011001111110111
10010011111110111
10011011111110111
