c
c CNF-Formula to check equivalence of two feature modelsc
p cnf 25 51
-3 17 0
-10 7 0
-1 -21 0
-12 -10 0
-14 13 0
-13 14 0
-5 13 0
-13 5 0
-18 13 0
-13 18 0
-23 13 0
-13 23 0
-11 13 0
-13 11 0
-19 13 0
-13 19 0
-9 13 0
-13 9 0
-15 13 0
-13 15 0
-2 13 0
-3 13 0
-24 13 0
-21 13 0
-12 13 0
-20 13 0
-13 3 24 21 12 20 0
-7 13 0
-6 13 0
-13 7 6 0
-22 13 0
-4 13 0
-13 22 4 0
-22 -4 0
-8 13 0
-10 13 0
-17 13 0
-1 13 0
-13 8 10 17 1 0
-8 -10 0
-8 -17 0
-8 -1 0
-10 -17 0
-10 -1 0
-17 -1 0
-16 13 0
-25 13 0
-13 16 25 0
-16 -25 0
9 0
-14 0
