c
c CNF-Formula to check equivalence of two feature modelsc
p cnf 30 55
-4 17 0
-8 20 0
-27 9 0
-9 27 0
-15 9 0
-9 15 0
-14 9 0
-9 14 0
-12 9 0
-9 12 0
-1 9 0
-9 1 0
-19 9 0
-9 19 0
-25 9 0
-9 25 0
-5 9 0
-9 5 0
-6 9 0
-9 6 0
-18 9 0
-9 18 0
-3 9 0
-7 9 0
-13 9 0
-20 9 0
-17 9 0
-23 9 0
-10 9 0
-9 23 10 0
-23 -10 0
-28 9 0
-29 9 0
-9 28 29 0
-28 -29 0
-22 7 0
-26 7 0
-7 22 26 0
-22 -26 0
-8 13 0
-30 20 0
-20 30 0
-24 20 0
-20 24 0
-2 20 0
-20 2 0
-21 20 0
-20 21 0
-4 20 0
-16 17 0
-17 16 0
-11 17 0
-17 11 0
5 0
-6 0
